0 16807
1 282475249
2 1622650073
3 984943658
4 1144108930
5 470211272
6 101027544
7 1457850878
8 1458777923
9 2007237709
10 823564440
11 1115438165
12 1784484492
13 74243042
14 114807987
15 1137522503
16 1441282327
17 16531729
18 823378840
19 143542612
20 896544303
21 1474833169
22 1264817709
23 1998097157
24 1817129560
25 1131570933
26 197493099
27 1404280278
28 893351816
29 1505795335
30 1954899097
31 1636807826
32 563613512
33 101929267
34 1580723810
35 704877633
36 1358580979
37 1624379149
38 2128236579
39 784558821
40 530511967
41 2110010672
42 1551901393
43 1617819336
44 1399125485
45 156091745
46 1356425228
47 1899894091
48 585640194
49 937186357
50 1646035001
51 1025921153
52 510616708
53 590357944
54 771515668
55 357571490
56 1044788124
57 1927702196
58 1952509530
59 130060903
60 1942727722
61 1083454666
62 1108728549
63 685118024
64 2118797801
65 1060806853
66 571540977
67 194847408
68 2035308228
69 158374933
70 1075260298
71 824938981
72 595028635
73 1962408013
74 1137623865
75 997389814
76 2020739063
77 107554536
78 1635339425
79 1654001669
80 1777724115
81 269220094
82 34075629
83 1478446501
84 1864546517
85 1351934195
86 1581030105
87 1557810404
88 2146319451
89 1908194298
90 500782188
91 657821123
92 753799505
93 1102246882
94 1269406752
95 1816731566
96 884936716
97 1807130337
98 578354438
99 892053144
100 1153851501
101 1004844897
102 616783871
103 382955828
104 330111137
105 1227619358
106 1723153177
107 70982397
108 1147722294
109 1070477904
110 2051621609
111 1606946231
112 1190959745
113 1912844175
114 1341853635
115 1808266298
116 343098142
117 456880399
118 1534827968
119 280090412
120 195400260
121 589673557
122 6441594
123 889688008
124 57716395
125 1524325968
126 2014119113
127 515204530
128 388471006
129 681910962
130 1904797942
131 1400285365
132 322842082
133 1463179852
134 828530767
135 832633821
136 1073185695
137 316824712
138 1260973671
139 1815859901
140 1267248590
141 2051724831
142 1194314738
143 318153057
144 2111631616
145 877819790
146 304555640
147 1213110679
148 541437335
149 1049077006
150 996497972
151 2063936098
152 270649095
153 428975319
154 685583454
155 1351345223
156 272112289
157 1398556760
158 1334948905
159 1724586126
160 532236123
161 1023129506
162 836045813
163 436476770
164 60935238
165 1936329094
166 915896220
167 304987844
168 2034712366
169 881140534
170 281725226
171 1901915394
172 197941363
173 348318738
174 152607844
175 784559590
176 543436550
177 290145159
178 1681808623
179 977764947
180 750597385
181 971307217
182 1737195272
183 2000755539
184 1399399247
185 462242385
186 1459413496
187 1951894885
188 537140623
189 1848682420
190 1012028144
191 1086531968
192 1289335735
193 1755699915
194 1623161625
195 992663534
196 2043046042
197 1358796011
198 943454679
199 1771024152
200 1479575244
201 1507977295
202 2119878818
203 2049590396
204 1828087692
205 621301815
206 1154112991
207 1104740033
208 222122669
209 889119397
210 1238489553
211 1882410547
212 944975825
213 1567121210
214 1866729662
215 1536830211
216 1719533808
217 1517273377
218 1592822761
219 41000625
220 1902737335
221 1127401868
222 994977995
223 140002776
224 1532062767
225 1049997439
226 1433829874
227 1464689331
228 428540556
229 1968456301
230 1859468872
231 1911300560
232 1168120094
233 298918984
234 967113755
235 2124639789
236 462851407
237 957828015
238 678030193
239 1105222769
240 1893015680
241 944303455
242 1004016855
243 1732267506
244 784170963
245 454233502
246 2145586676
247 329863108
248 1353963249
249 1323602331
250 1277844
251 1887638
252 1660760808
253 1561939997
254 685428651
255 897054849
256 1465645203
257 1461495731
258 440796531
259 1796198014
260 1522395419
261 1779636775
262 203042009
263 175530180
264 1640687929
265 1351995223
266 459244054
267 458588260
268 174076737
269 834991545
270 2044747317
271 2034837525
272 837204200
273 578134256
274 1486421564
275 609960597
276 1668306648
277 1683337704
278 907225550
279 605925150
280 416541976
281 24301412
282 411938554
283 2111482797
284 524102504
285 1760348381
286 293034748
287 855007065
288 1290659378
289 379847699
290 1778878209
291 338725129
292 2121578553
293 552265483
294 501650447
295 218264607
296 471180773
297 1363045322
298 1494664305
299 1706755176
300 1495170053
301 1616927224
302 1437784630
303 1360280366
304 121205400
305 1284660444
306 487495370
307 684570285
308 1502883016
309 252193898
310 1637608155
311 1129841133
312 1189515557
313 1262696576
314 707953178
315 1509658266
316 307187357
317 347221711
318 1042227878
319 1847320614
320 1746474819
321 1195795737
322 1586983133
323 678620591
324 290623720
325 1135048762
326 667306633
327 1262976197
328 1112576031
329 925238588
330 555860589
331 795054873
332 843998877
333 959637304
334 1021979358
335 832861200
336 599777254
337 168068960
338 794014915
339 545293947
340 1442645480
341 1452207730
342 1103669955
343 1564674546
344 1547837107
345 2028841238
346 989340000
347 2018984926
348 690545035
349 988774857
350 1110561113
351 1420250114
352 862929593
353 1300601360
354 2118498354
355 322968418
356 1439025357
357 738342585
358 1163313729
359 1122721015
360 1780776563
361 32106102
362 588860917
363 1380786643
364 1172819419
365 1971062967
366 572547747
367 2083245269
368 529855395
369 1812423303
370 1490404473
371 978719103
372 1754711748
373 47424385
374 345205658
375 1518163459
376 1520045406
377 937673930
378 1250739824
379 1614285132
380 2129300973
381 1493959603
382 600246897
383 1618907920
384 367603950
385 9135231
386 1064488480
387 171620203
388 350213900
389 1939824520
390 1681462533
391 1603481258
392 937217003
393 13618676
394 1255820950
395 1113423934
396 143558780
397 1168279879
398 836941832
399 463482574
400 828433549
401 1346174542
402 1415306249
403 1523252771
404 1156766310
405 601915879
406 1752200983
407 798669970
408 1473392040
409 666082723
410 20073650
411 222902971
412 1118753229
413 1666190318
414 473917746
415 118710299
416 151687230
417 344185621
418 1554270776
419 637850124
420 108668244
421 1026076958
422 981747696
423 1116666771
424 958829064
425 322791560
426 614056598
427 1790318751
428 1493869940
429 1240764503
430 1462789551
431 711192801
432 123427205
433 2119315080
434 1164780418
435 3559274
436 1838659649
437 63040413
438 810783320
439 1051519025
440 1237322012
441 1586901783
442 1458854788
443 1151624117
444 76424008
445 263081550
446 2090265324
447 404319195
448 754451257
449 1318824511
450 1304835690
451 270438666
452 1187262410
453 2048760593
454 766490553
455 1799809565
456 2092190960
457 556228742
458 540151403
459 911254352
460 1746007307
461 1928256141
462 525244910
463 1633413200
464 1492192799
465 970343127
466 566120171
467 1429157787
468 250334414
469 450031625
470 244116641
471 1174619517
472 13055348
473 377901842
474 1287114315
475 927515974
476 177181445
477 1476211373
478 805972220
479 1795739911
480 265509239
481 2090245054
482 63641305
483 172556929
484 1061382253
485 1652354189
486 2005815166
487 537204356
488 772359304
489 1651659860
490 1073645898
491 1609005592
492 1442901720
493 1463866116
494 1625151580
495 78098867
496 495149352
497 476026939
498 1208178698
499 1401494901
500 1324160811
501 797716616
502 482756891
503 501848671
504 1402331728
505 356326671
506 1597951661
507 343077045
508 102303120
509 1421620240
510 268317158
511 2038299453
512 1039769627
513 1333685350
514 1962853711
515 38535563
516 1274629594
517 1550207533
518 1066401727
519 115307827
520 948398795
521 1114919531
522 1657737442
523 140351516
524 950885006
525 2098478515
526 1004466924
527 706642601
528 957627097
529 1596168661
530 440967103
531 368034324
532 799980108
533 2018044936
534 2072002281
535 547517015
536 151043710
537 265963216
538 1130301905
539 343775973
540 1111767781
541 225882720
542 1807270791
543 791481169
544 910297865
545 702715827
546 1532329536
547 1238616728
548 1872357125
549 1628320384
550 1796580167
551 1502789949
552 835500476
553 2008416046
554 1300521576
555 777568666
556 1158577467
557 977260520
558 862627384
559 516341991
560 178425210
561 905333258
562 1014428211
563 622268744
564 225419518
565 464685718
566 1722321934
567 1132666825
568 1436280767
569 1854658689
570 523449818
571 1528073014
572 566211825
573 822102918
574 173958028
575 987333029
576 500078034
577 1708006727
578 1055151240
579 6933754
580 571486540
581 1427408396
582 913090935
583 401203083
584 2069048048
585 287846865
586 1709087011
587 2031615252
588 367553064
589 1301377876
590 137017237
591 746232675
592 628070245
593 1094482710
594 1773470415
595 1791728192
596 1560024710
597 707454747
598 1722463037
599 1356701299
600 97368447
601 88949715
602 329241693
603 1647259579
604 132567129
605 1115195164
606 1995333979
607 473553501
608 439295525
609 191110289
610 1502574958
611 1517114033
612 1062211800
613 562165089
614 1528087670
615 812535217
616 430880846
617 499521038
618 936509543
619 1008240338
620 1849385936
621 2098603321
622 954597719
623 73536496
624 1124791247
625 67943788
626 1617428359
627 1270425987
628 1767145035
629 707765235
630 498383912
631 1152185684
632 924745989
633 866683784
634 2120263734
635 2076422667
636 1826500519
637 1862972615
638 669167045
639 318665976
640 2142326661
641 1373365825
642 1005182819
643 2001271631
644 1483422903
645 1751072698
646 1162936798
647 1230092639
648 341914004
649 2029909503
650 1763800679
651 333748765
652 88207391
653 737904107
654 236264924
655 207314365
656 1114057121
657 48114454
658 1205777106
659 1840127450
660 1110051703
661 1448530832
662 1583071032
663 1499932141
664 48961654
665 412281977
666 1440942217
667 742753900
668 142357289
669 302173465
670 1978084747
671 476003622
672 816289879
673 1258459317
674 359301516
675 56564048
676 1484182762
677 1637121029
678 1532649039
679 166052708
680 1266605903
681 1987502657
682 1996510761
683 924375752
684 1086561466
685 1785108621
686 1974044557
687 1292006996
688 1554426955
689 1115266930
690 1054021494
691 346645555
692 2096192221
693 1233429312
694 586802293
695 1141231427
696 1500142232
697 1432477444
698 209234791
699 1178402198
700 1311549152
701 1434444856
702 1063273570
703 1227464303
704 1264627439
705 947712914
706 324735799
707 1078626766
708 1570591835
709 67981921
710 110846043
711 1121122752
712 688574086
713 75289719
714 526439150
715 230168410
716 822418623
717 1185044669
718 1282409605
719 1312349943
720 2008437311
721 1657922431
722 1101977992
723 1045139816
724 1396138699
725 1496786971
726 875180639
727 1045501370
728 1030325836
729 1525679891
730 1147182857
731 594094833
732 1300383328
733 601518177
734 1510474410
735 1139217683
736 2014885176
737 505523489
738 887972091
739 1283070434
740 1681484711
741 1976226904
742 1463491026
743 1763464891
744 1132610790
745 494500522
746 308559364
747 1931706890
748 539924884
749 1399116813
750 10341441
751 2009907127
752 591316179
753 1844185784
754 598994537
755 2045329870
756 1088387561
757 264032581
758 894374165
759 1508545802
760 937357732
761 231367332
762 1645347854
763 214459759
764 947609847
765 739972377
766 637940462
767 1626979010
768 726943819
769 710298150
770 119413377
771 1230900941
772 1042143836
773 434826720
774 245832299
775 2092396112
776 1856734759
777 1056219956
778 788974390
779 1728536152
780 348330048
781 342695014
782 123959044
783 320514918
784 1005240150
785 817350101
786 1897741295
787 910819821
788 885295731
789 1398644501
790 662128245
791 129154961
792 1748946057
793 1927703510
794 1974593928
795 1935350805
796 1653662173
797 366782137
798 1229309669
799 67439096
800 1725004503
801 1121447421
802 1850318675
803 595278518
804 1867224300
805 1260276489
806 835740262
807 1743532054
808 1128868263
809 2018358643
810 902024889
811 1245245250
812 1608776735
813 1891469415
814 726031364
815 407052494
816 1595850963
817 1543867758
818 1887985652
819 156485092
820 1524957316
821 1887766714
822 771761420
823 192958060
824 345807450
825 895063368
826 207078741
827 1448891847
828 1208199196
829 1746004787
830 1885902501
831 1652188234
832 1364093128
833 1925270571
834 1886377448
835 1044687875
836 242817253
837 810641871
838 821669329
839 1476562293
840 261433719
841 164973471
842 307738820
843 1025725764
844 1521681079
845 511142630
846 839594410
847 2095688080
848 1350266113
849 1462863342
850 1951398138
851 778248382
852 1845146044
853 1705698828
854 920998393
855 157863575
856 1070800980
857 1039109000
858 967945596
859 1073005947
860 1590767370
861 2003266087
862 644506543
863 313952733
864 236262852
865 172490261
866 2088376824
867 876554400
868 511982380
869 2068370778
870 1789871857
871 425373423
872 278059498
873 421567014
874 728252845
875 1236261662
876 945468509
877 1257726610
878 929596849
879 790709218
880 821019290
881 1288775055
882 922285743
883 319518555
884 1439236385
885 2137606534
886 1499086275
887 864877321
888 1823811151
889 1759921226
890 1703775251
891 803694459
892 20632783
893 1030316714
894 1372366437
895 1388337879
896 1384907698
897 1715914100
898 810383137
899 768094285
900 836445878
901 717918284
902 1489470342
903 311164915
904 626045960
905 1432063067
906 1834735140
907 675810707
908 309543566
909 1293320728
910 12000562
911 1977466363
912 820241969
913 1109242890
914 739712623
915 567222278
916 624917313
917 1790245761
918 267127010
919 1362834840
920 104576978
921 983646000
922 809207394
923 334734507
924 1623187656
925 1430166551
926 24761786
927 1706993431
928 1204554544
929 619880739
930 892408776
931 688507584
932 1105074252
933 1544374108
934 1808275514
935 497991454
936 998595019
937 801783028
938 107466671
939 158592370
940 434756663
941 1215867947
942 1785684024
943 907424543
944 1802916854
945 629306008
946 389114981
947 767780552
948 2005986288
949 1265768163
950 792508359
951 994411019
952 1348255379
953 2028195356
954 871419461
955 108408487
956 955308353
957 1279743899
958 1606985788
959 1855794244
960 281369880
961 224582466
962 1428738283
963 1789665274
964 1248300236
965 1414318909
966 2108898567
967 40621834
968 1978847939
969 418069684
970 2078169651
971 1123289549
972 598709266
973 1545747467
974 1268000110
975 1797619589
976 1792486327
977 1417097773
978 1568625581
979 1380889295
980 750607936
981 1148637874
982 1426245435
983 694558231
984 1866566972
985 949983028
986 1971319798
987 594139070
988 2043874587
989 251766297
990 893369089
991 1796102646
992 2067029090
993 714958111
994 1129966612
995 1150957463
996 1756872112
997 1996923781
998 1423551951
999 522329230
